-1382
7577
-629
-169
5825
-1331
-5150
7385
2795
4873
6740
-4518
-9593
-6166
-7900
-6899
-7483
4051
3503
-90
-9070
-1454
9485
-7474
-3544
-9551
9652
2558
-9415
-6994
9794
-8508
4589
4711
8335
707
-7806
308
-1554
9276
-217
7877
-2617
-7379
-2208
-7368
6369
1305
-576
4649
-2203
1353
-651
-7752
5650
-6870
-3625
1069
8778
5980
-9359
6843
5577
3546
65
5139
8000
-5796
-7923
3046
8690
-8329
8804
-1554
5950
-6268
1800
-4208
-7871
-1568
-7905
6371
2671
-5350
1843
-5090
-3554
-1528
-879
5069
-5124
299
4101
-3708
7064
9344
9318
5631
9882
-8859
-6158
-1982
8019
4702
-3786
5615
9763
-3389
7296
6740
8411
9341
-2206
-1505
-3448
-6308
-6620
-6749
-2109
-867
-5939
-1934
2776
-8096
1619
7851
6439
-1410
4404
4708
-5232
-2448
-3395
-6953
-541
9168
8852
-476
5484
-4519
-5537
1925
-1572
3439
-474
-9587
5974
8728
-3753
1924
-6739
-9205
-1229
6685
1790
-7190
-664
-6501
8910
3700
-4125
-4245
-4320
3347
-2254
4312
-9593
797
4119
7506
2334
2564
5509
4469
6839
-982
5536
9063
-9039
1632
8885
8499
-9633
6770
17
8570
-5678
-1089
-4152
-4952
-7836
3347
5956
6286
-4185
-8411
2792
1877
7591
-5695
-7360
-2465
287
-3652
8506
7574
-3947
-2120
-1694
-6992
4702
2677
2834
8022
-6752
-7769
-3215
409
-7869
-4306
4902
688
-7458
9111
-1576
-2114
5738
-9701
2330
1257
-7707
-6680
-8853
-9733
-5922
-6815
-8572
7093
-2058
6534
3464
5519
8898
4390
-7997
5270
711
2108
9608
-8059
5118
-4063
-4421
-2828
5649
2046
-7862
-4405
5862
9766
3112
2223
2654
8374
8786
2678
-3632
7457
7798
1844
-4123
8855
6249
9860
6817
8718
-5154
3775
3454
1751
4722
9408
-9240
7700
3071
7089
-2176
2426
7369
-8049
-6348
9249
-5407
6244
6562
-8032
4962
-3687
2361
9351
4813
8406
2323
-5259
-6270
-9784
-9084
6143
1204
-8857
8521
-6899
9406
9985
6286
-7770
3742
-4121
9231
-9919
8093
9150
-8572
-6843
146
-3093
-1382
826
6417
1269
7366
9334
-8080
-8782
9535
-6667
5715
-7093
-6632
-1406
-6693
-4250
7372
288
-7441
9759
-9949
-2436
-6944
-8505
-841
-2065
7513
-5985
-2548
-8341
-5257
7134
9500
2135
-9889
-8855
-1930
-3003
9688
-6175
4809
-2922
-9136
2686
-4872
1755
5534
4062
8406
6627
881
4237
1663
-4129
2765
-4824
-1585
-9017
-781
682
-8172
-1796
4064
-2736
2804
-4916
9591
-8651
5959
9814
-7320
6408
-884
8769
4421
1571
4910
787
7851
7072
9383
60
-6794
7004
-8716
1295
-1838
8976
5922
-7422
-2524
-807
-7746
4605
-4764
-1376
8318
-8011
5704
-5749
-7733
-6965
-7756
-6209
7611
7855
-4413
-4473
-358
5541
462
-8830
5085
-7543
7902
9278
-6282
-7088
8090
5350
1153
-6449
5437
-4644
-2716
3127
-4653
-652
482
-8885
4211
-27
8672
9726
5666
538
8861
-4653
-8703
-5988
-913
-8997
-3965
-2611
-3673
-8481
2224
-5547
4791
1387
3347
-3158
184
4235
-6187
7741
-8492
4971
1176
-8778
-8787
-6186
4010
7589
-451
3918
4167
7501
8969
6642
297
8786
-5949
8758
-3017
-7778
-2465
1387
-2809
-5781
-4272
2124
-9439
-7699
-7251
-2362
9402
-896
-8651
-1874
7022
-3069
-7192
-9749
7169
2024
2056
-1385
5881
8590
-3624
364
-6087
-4602
516
-2368
2681
-5365
-2887
9437
-5455
-8885
302
2320
2723
-3628
1859
3657
-6832
2334
159
7427
872
-7865
9222
-7896
-2585
4174
6121
587
5258
-7888
237
4021
-8253
2832
6571
2854
1090
2512
-6552
-2471
-2583
-9174
-3565
480
-7902
6005
-5241
4393
19
9823
-9734
9797
9101
6734
6326
7142
8594
-9168
-2699
2725
8690
-7051
9231
5510
-334
-7546
4067
-9846
-2436
7135
9168
-2540
9572
5399
-6815
-3446
282
3840
2855
-3525
-2460
-3342
142
496
660
-1572
-6899
1193
9924
2667
9359
-802
-6042
361
-1602
-994
304
-9188
4535
-7368
-1657
1069
2744
-1820
6287
2471
2404
9827
-3506
-387
5243
5963
5202
-2466
-4700
-8941
595
-4596
-6814
6768
8608
-1265
-4283
-6484
-7686
-1712
8218
2806
8899
-7141
9993
-4664
-6217
-6209
7195
-6967
2396
7330
2078
-1216
5157
-7432
6290
3254
-7880
-4380
-4614
6771
-7526
1715
4754
8588
3999
-7031
8524
2519
-4986
3770
6030
6814
5650
1032
-2682
8821
-1838
5932
-1567
2005
3656
-926
7522
-6223
6141
-9144
6696
5772
1582
-6054
-6887
7820
-8591
-7574
-8359
-2685
-6551
4009
1278
-4532
-6815
9081
1748
-2737
-9727
-1857
-5353
-5509
4142
5039
-841
5863
9700
-8644
5226
-7880
7973
7184
-825
6782
3582
-5985
-5890
1046
5788
-9261
6838
3774
6181
6400
6952
3707
7363
7317
-7114
7902
7257
285
-378
-4125
5362
-8182
5062
-204
7562
-6971
-824
-8483
6284
717
-6637
2986
-5575
4273
-961
2452
7654
-9787
5627
-4901
-8629
7839
-4059
9968
-718
7493
3582
3404
-335
5284
-3252
6552
-7151
-7295
-5497
-7917
-6423
4085
-7707
6102
-4614
7406
-8561
-5593
3250
-7639
-2431
-5313
8139
3323
-4502
-1141
5506
313
-4336
-3504
240
3754
-6475
-1500
-961
8481
7684
-2949
-6407
5072
4813
-9492
-4614
-5938
2855
9988
2058
-9828
-1576
-3664
-7353
-2745
8303
5730
2177
6718
4560
5684
-6856
8278
-3172
373
771
5399
7657
4517
-1538
-53
-4799
1116
-2618
7457
2025
-2286
-8526
9456
-8013
1650
-7361
2044
5187
-7160
7836
7174
-807
-8549
-496
8456
831
-5955
-5693
1692
9078
4021
8367
-1027
-6059
-1849
-4682
-3945
-5896
9924
-2321
4240
2605
9604
8472
-9323
7094
-4098
-1975
-4738
-4098
-5811
7903
5208
-7485
-8203
-9799
4966
9320
6190
9539
5170
-9498
-1720
-8857
-2270
8858
5627
1624
1464
-7309
8069
-657
8804
5867
4067
-9458
7923
4635
2021
-6736
1774
-6535
-2060
-4359
685
-2789
1696
577
2213
8360
5095
3981
-6155
-9775
-8863
2084
-8994
6060
-610
3011
-5513
4277
3902
-1449
-2736
8180
-5655
486
-7993
-2052
-4878
5064
-616
-9431
6390
-7475
-2339
2344
3569
9101
2213
-20
4707
-1003
1026
4240
-9659
-5914
3026
-6628
3203
3309
7073
-9197
-5677
5289
3163
274
-8411
6029
9765
5948
-8528
-7487
-6614
3859
-528
2283
-743
1584
2119
-4126
1380
-3205
1459
7620
-6661
-8259
3039
-6906
-4885
1432
-4231
3006
-1264
-6994
-3509
-8200
-7923
-94
1153
-5270
8813
-3739
6560
-222
-2141
-5342
5463
-9272
6286
-3269
4988
2354
-2323
3940
5246
-1612
6746
3892
-3565
7824
-4421
-7119
-4577
-360
-8787
-817
-4348
4047
1800
7455
6962
-8073
1525
-2382
-4653
-3263
-8620
1785
-3864
-8528
3878
8605
-485
6727
5669
-9226
-7412
41
94
3297
-8084
-1397
-5077
9606
-5293
-1982
-6775
5359
2482
2021
-113
5886
1889
4719
-8857
-9306
-2405
2587
3253
2759
-5796
-7368
-4173
1400
-5933
-4938
5338
7216
-9832
9807
-8227
-5992
-1511
8405
6851
444
-6087
8680
8899
-3142
7412
-8227
9888
-628
-8993
-7862
2332
9281
6806
-4558
-9911
-2791
-5219
-6745
2023
3661
-5124
4794
8445
-8942
-5700
1138
5938
-202
-8082
-6249
6875
2770
-9058
2261
-7893
7201
-7223
-9384
-7815
5689
-6484
3110
8116
5294
-1491
-8600
-3332
8796
3840
-4804
-8409
-489
1580
4560
959
1522
3874
2404
3950
-7923
7961
-5592
-146
-1953
-200
-7128
-3620
-8261
-3129
6227
2390
-2206
4449
-7012
-8932
9401
1198
9327
5573
191
-455
8855
1504
-1636
8753
-1454
-2175
-1933
-2115
5354
5405
1280
-3125
889
4619
-5141
8468
-220
94
-6175
6071
4051
-5700
296
-5874
7550
9049
8240
-8948
1397
-2212
-4617
-2323
-1049
-996
-2757
-6019
-8908
4430
-955
-7716
-4390
3037
-4794
-1545
168
-418
-6109
-3479
3488
-8708
-7792
6006
-9397
5825
-6042
-1877
-8789
-2941
-6758
-5175
1036
1571
1302
8319
-6185
-7902
-985
-2322
-1444
1092
-3910
-702
1544
-2048
-8919
9219
-2702
-6210
-5100
7054
-7263
3833
-9638
9469
-2413
7591
-6104
8780
-1696
-2270
2230
-4231
3995
-4322
2426
-5554
-4814
-1572
-9034
-6783
-5525
-1454
-3460
-8792
-4753
179
-8654
-5985
5958
2784
435
3193
3127
-7725
1535
7013
-7985
2519
-3042
-6892
4213
-8817
9080
3476
7278
9219
5080
7385
-8569
-887
7025
-3728
8017
1330
8333
149
-2436
6723
-5264
-9381
-8540
7066
6051
5837
619
-9470
-9537
-215
1374
9605
3194
8920
-5443
-7636
-16
-6226
-8789
4142
3878
8589
8780
-896
2082
-5714
1011
2179
4431
-9070
-5175
8042
9513
-5100
4024
-913
633
-1783
-7939
4437
5512
-9136
-9239
9209
-1956
9882
20
-6384
7562
-2458
9551
-9270
-4390
-7369
4687
5556
-8153
-2583
-2236
3397
9033
-2981
2229
-2863
-3252
-8407
-2748
-7766
3441
-7347
-9047
5615
5437
5730
5664
-8648
7582
7753
1286
-7671
-9638
-201
-9306
8773
6553
9550
3995
8218
-746
6369
6356
-8345
-8985
4795
1871
4684
-2270
-3992
-7373
-2442
-1864
2241
6608
8402
85
2642
-9814
-8855
-9344
-2250
-1211
772
1620
-9196
5818
6257
-7618
9249
835
-8267
-8971
-3098
-5700
8778
6210
-9207
-6486
6331
9858
-8987
5684
8272
-1465
5932
8987
716
-6790
-820
-3844
328
-7686
5842
8786
4041
-3483
-1275
-996
-4885
-27
3891
-4657
-1995
-4176
4017
4123
-4541
-56
-8489
6287
-9967
-8435
9312
5160
-4129
-2848
2899
-7917
-4104
-1241
-4630
439
-6572
2346
-1557
4538
-6362
1258
-3155
8041
4059
1116
-7715
-5151
-7542
-331
7066
-1382
3392
-3550
6539
2929
8308
9912
-2339
-9810
-930
799
-4044
4577
184
1792
-3503
-8994
-971
8065
5577
-6783
-4421
7134
-4380
-6040
8061
2025
-2809
-407
7318
-630
4912
-2153
5174
1733
7973
1554
-2275
6667
1446
9245
4892
-5178
-5043
1069
5637
4313
963
-9152
-3130
-220
-4682
-5131
9001
-8545
3584
2119
785
-8761
7867
4489
-8928
4074
983
-2614
-1286
6839
1736
-3001
889
-7045
-4455
6030
2512
4351
4624
6369
9320
-6634
-3107
5075
-6098
-657
7961
1735
-6062
4104
-7446
-209
-7181
8093
825
801
-8812
-4159
-2872
9317
-5117
4028
-5924
69
242
-8190
7237
-451
4706
9550
-1355
-6762
-5983
-5796
2112
7024
4988
-1160
9408
7182
-4991
-8591
-6473
22
-9588
-6152
8748
-1229
-8271
7932
914
5754
-509
9260
2086
6328
8695
-5510
2126
7048
9209
2667
9493
-541
-9555
3463
6109
-1277
-2539
7760
5020
4098
-1998
-246
763
8299
7054
-5700
1879
9054
4128
-5298
3011
9947
8156
85
9304
-3392
8855
3011
5608
-9931
9585
-5043
-5699
-7409
8974
-1968
-2672
-9588
-7209
3950
-5170
-5587
-3005
-9713
-5913
-8696
3535
5039
3452
1791
-9096
-5749
-9515
7022
6038
8676
9078
1613
-8952
7151
-3172
-8197
8855
6667
-6939
-377
7223
1705
-7190
2317
-3103
5359
-770
1785
8741
-5470
4181
-8644
-1144
-3867
-1915
-3328
-5355
-330
3874
5909
6949
-1977
2804
-7914
3890
415
-6217
-5965
-210
-2726
3879
-4970
-2185
-7405
8948
-8411
5273
-3123
1532
3240
726
3488
8818
9317
2884
-9469
299
-165
-335
-2487
7075
4596
-7923
-9105
1925
-4407
-3929
-3341
4819
-7741
8359
-7686
-1503
435
-2541
-1736
-4382
7345
4864
6747
-1519
-5137
4462
2124
9461
3999
-5799
731
-8080
4535
1480
-5900
-9314
3771
6257
8808
-3444
9219
5506
8937
-9359
-5248
-3123
-2419
-4367
-7801
-1004
-5708
-2052
3073
6697
4672
1755
-6413
3024
-2349
-8701
7922
-6399
9170
-593
-2541
9145
9858
-5572
-4449
5534
-2999
4615
5062
3910
3178
-6422
2358
-5984
1029
-3423
4981
-8197
-1995
7720
3353
6296
5670
6962
-8997
1860
1471
6286
-1030
0
-4952
8737
-2735
-8784
9553
-6717
5213
890
7246
6057
7089
-359
6307
8231
2320
8291
9383
6133
-2211
-2203
-4997
1114
-640
6772
-501
-7307
-3708
1650
-5650
3451
-7698
8128
6331
-9097
-8034
-3239
1972
6056
-3965
-1618
-8856
2046
5282
-9997
-1237
-9751
9728
-5195
-8087
1984
5976
-4349
1193
-4123
9102
5730
952
9444
5463
4910
6407
6255
-6840
8411
1065
9049
3302
9074
-6523
-7116
8537
-2563
-7980
-3780
-5719
7274
6828
7326
5931
4535
7501
-9885
4017
2610
5287
1307
-1341
-2495
5600
-3361
5866
148
6038
978
-8043
6893
4961
4302
-1735
6048
3753
-3460
1021
-4517
1069
4536
5840
-4121
-1623
-3448
8718
-1941
-9290
2305
-9588
2884
7395
1852
6109
-6976
3848
-7018
3420
8774
6439
-4098
-8093
9369
219
-7885
-2182
4132
-6675
-9197
-9046
89
-5410
3877
-3414
-3314
-9907
-6667
20
3594
-5141
6875
-5728
85
9152
56
-6967
1499
-4017
8690
9550
-9112
-838
-6845
3949
5424
-1998
-4449
6184
-7557
-244
-9620
2246
-1449
481
8310
-8905
-7296
7645
-2109
5641
9864
-324
2956
-1508
-2879
3124
5163
-9360
8308
1798
1289
8937
5499
2023
889
-4181
422
1705
1580
1288
-7049
6955
-2866
-5923
9034
2736
-6914
9098
2517
-7649
2982
-2033
8645
9556
-3448
1941
6949
9065
7665
-4922
-2809
9546
3263
-5750
178
-5178
-9515
-465
8408
-2049
9981
-5059
5867
7826
6968
302
-4579
5261
2492
5032
3079
5064
-4226
8846
351
2657
65
3264
-4322
-4970
4816
-6807
-4542
-235
9419
-6015
-8730
5896
816
-6896
7303
2596
976
-6562
-9012
1890
-9168
759
-7008
-5355
-4063
1931
1278
-7443
2572
-7443
-6809
-5151
-6922
3676
-5448
-9593
-2748
4368
9500
4721
2058
8256
4764
4304
8231
-9364
7507
-4678
-6572
-8762
4425
9981
858
-7095
-1328
4725
2207
8079
854
-1223
6015
-9967
2892
-8185
-2949
-6696
-5587
-7187
2397
2639
633
9949
2317
-7082
-759
-4041
-5477
-5351
8119
8184
2334
-4621
9351
4406
916
-4098
5556
-5267
385
-8299
9564
-8747
2426
5002
2668
2436
7944
2688
-8787
-5983
-9051
7366
2781
-1581
6676
1123
9583
6203
1559
-8171
-9550
-1168
-3419
2668
1715
-477
387
5694
4971
-6308
6736
-6077
5916
9399
793
-1279
-6443
-9077
4926
9065
-2382
-3337
526
-654
6575
9026
-1694
4632
2119
5466
7353
3659
356
6996
-3312
-115
-383
9879
6591
6048
-5684
9656
5541
-1548
458
-2906
3396
7224
7453
6022
7674
8277
-9493
-7693
-7797
4784
6338
9341
-5918
-9516
4344
9591
-6194
2725
5895
214
-793
6200
-6015
-8329
-7888
8645
4052
7213
-164
-3533
-4421
2357
-5548
-7321
586
8326
-9933
-1763
78
-6094
7326
-2257
-8766
3670
-5015
-2382
-9926
6774
3968
-2778
-3032
-2177
-3923
1660
4722
-2942
7513
3392
8796
2686
2547
7457
638
-2490
-3554
7591
8068
-759
2129
7849
3053
-619
1252
7872
7436
-4495
8408
-7277
-547
-1485
-7619
8729
3754
-6158
4981
-4878
-5851
-1583
-8549
-1807
-5963
5812
6201
5615
1965
396
1375
-5650
41
5730
4142
-9306
-8235
8661
976
-7165
1434
-3005
7315
-5971
9476
894
8032
-8526
-2030
9903
-6859
-9828
-7008
-6950
-6965
2677
8263
299
-1572
5837
-9671
-2195
-9634
-9391
-734
-6602
6609
-1937
-2910
3274
9879
-8591
7508
-8526
-1805
6272
-540
6176
-9455
-8059
-6524
3459
-3947
2296
6003
7981
8703
-8540
1566
1468
8424
9448
-6378
-1936
-5650
2120
1716
-9843
5447
6694
-8108
6985
5571
7002
2192
-8218
-6019
8540
7152
1065
7384
-9901
-3447
5153
2772
8080
1116
7197
1755
2397
-8614
5743
-2552
4640
-787
-7298
-6259
-1657
-9438
7585
-3172
9440
-5814
-9700
7093
2315
4459
6523
-8796
-622
-5325
7400
-9047
-8349
4555
-6465
8894
6741
-1196
4572
8144
-3326
8980
4142
-4173
-1403
-2618
-2502
8307
388
-496
-5177
313
-5388
9325
2956
-4014
1021
-1657
-948
9111
793
7333
1873
-6518
-9934
-4660
-6653
-9588
-4673
6006
-9786
1453
5752
5251
1516
3436
2538
8555
192
-1500
8247
5916
3252
-2982
2857
8481
-2368
-4885
-7444
8245
-2833
-7165
7901
-3129
2005
-9502
-5572
2850
1080
3221
2132
4195
-7900
-690
-2600
-8858
32
5956
-4804
-5169
-4098
-8933
7095
-5534
3203
-3711
-9719
6608
7999
6422
-1027
-3014
-1623
5925
8243
5481
1066
-9782
3146
3264
-9170
726
5379
6350
-8801
-4494
383
-1775
-3946
8166
-1168
-714
-9999
4548
3323
-6778
-861
-5933
8039
6747
1820
7191
-8138
6006
-8502
-7766
5039
8340
3889
-1622
16
3252
2681
-9323
3084
8524
-9787
90
-8696
9797
6071
5466
729
-7552
6185
1545
4132
6141
-9026
7096
8493
-2524
4085
-2101
-3373
6426
81
-9663
2396
-1636
3040
5203
-3487
-2460
-2047
2631
-3742
-196
3424
956
-6186
-9350
-6906
-8942
240
-4709
7711
2396
-9967
892
3374
1598
-6291
9958
537
-826
-5530
-3614
-8449
-9071
-6095
-618
-1531
6106
299
3323
-6303
9402
-7044
3505
-9410
-5605
6715
-9955
5005
-4247
1451
3271
2587
4390
5717
595
2413
2875
2337
-5649
65
-6035
3848
7179
9777
9371
7493
5811
8156
-6807
8215
-8462
-9197
-5591
-2783
-3918
-5131
-3709
7859
-1831
-2712
2517
-9881
6268
-1089
-378
-7862
-5639
7152
7939
2056
-9280
-5043
7363
2071
6216
7055
2065
1176
5556
8780
504
9698
9529
7289
7323
-6357
-4489
4391
-6016
4794
-8791
-8407
1735
-1809
5862
1790
-7715
2923
3058
665
-8408
-1964
6028
-7318
-693
-3519
-7000
-3849
1586
5898
1295
-4637
-783
-5226
5181
3157
8074
-2237
9408
-1027
-4354
7401
-9526
6941
1860
-451
-6388
-197
-7035
-2992
4981
6843
-6259
9056
-9948
5654
-7008
1536
2088
8528
-7766
1136
-6345
-7016
6715
9830
-9696
-3142
9395
6925
-7993
-7857
6338
1295
2968
-5595
-1360
8084
-7087
-168
7197
651
4074
-7602
-480
3718
4163
-1434
-2660
-5257
9826
-9917
-7428
-6894
-8058
6181
-7418
-1082
-5072
-6831
9391
6402
2968
1432
-3778
8470
-3708
-5498
-1380
7602
3720
3100
2601
6399
-8636
8976
8977
-4926
4610
-1078
-4590
4582
3920
-7409
-913
1451
-9638
-795
6907
-8696
-6582
996
-7361
6003
2941
-5659
-2670
4701
396
4305
-2583
-9197
-7686
-2667
-3529
7862
-2660
-1023
7901
1261
-1825
9320
-4247
-9608
-1408
9077
-6449
7277
-4614
3463
-5148
-3329
-1761
-4174
-3421
8090
-6628
-9767
-3251
2439
611
-6282
-7760
-9763
1261
-1137
-8032
1116
4877
-7664
-1614
1427
-7237
2667
5573
-3098
6159
9219
-9192
7582
-7210
-7699
-2784
9087
-4364
-8108
-9257
3948
7831
778
6870
-2397
-4116
-1725
-7904
-7474
-3605
7099
-8201
625
-9973
-8857
-3516
7003
-7973
7654
-5474
8643
-7418
-9026
-8916
3988
-1174
195
8366
-4914
-1945
2118
5627
-7292
-3991
8570
-4662
7133
6679
-6645
9369
3889
-1612
-3326
-4014
-7886
-1537
-1918
6388
7923
8745
757
3365
-392
-3158
7515
3353
9509
-734
6263
3056
-4941
1243
-9784
9463
-9438
-6345
-3640
-2274
-3005
2328
-9633
1278
7698
-6011
-5887
5672
6170
-5513
-2701
-3879
5153
-2621
-9135
1772
-550
4508
-1530
-2431
-4501
9447
-8830
-3127
-1130
1343
-8435
9698
-2221
-8725
-5812
-7292
179
-922
3032
6028
-3909
977
-9439
1036
-3446
5496
818
5730
5349
-8713
5314
6799
-5538
-2615
-6208
1738
8393
-3819
-2786
-2615
7054
9836
7568
-7871
8402
-1223
240
-9588
85
-8853
9513
3816
-5659
-7088
2127
-7295
6296
-4886
7414
-878
-2830
4378
7493
-8854
2261
1850
3827
-4818
660
4793
-3052
-4297
-2385
668
9539
-9816
178
-6098
-2092
8848
1700
8065
-8562
-6887
9394
8405
7130
-2705
187
4793
488
4961
-9849
2224
6962
-3780
4877
-3425
957
8079
-1382
-9195
7963
-1807
5019
-2141
1580
5006
-6185
-4025
-1880
3259
-7650
3922
-1376
-9232
-7674
-5746
5517
6170
3879
4101
4459
8803
4332
-8616
2119
-7715
-9401
-6207
616
-4907
814
-8203
-1026
-1568
9700
8598
-3923
9102
-9763
3773
3827
-6475
3967
7402
8146
7867
-8687
937
-9649
2662
-9237
1166
4142
3039
1032
6941
9205
2681
-3767
321
7855
-2791
2692
-3818
9016
1925
-1396
-5583
-5874
-9696
7213
-1543
2299
-1127
1400
5764
-4333
-9934
3375
3404
633
5219
-5790
1771
-7032
5070
-7460
8082
9415
178
-3811
9068
-7348
5231
4827
-8502
-3090
6730
-1025
-5664
-2617
1069
375
-471
-5569
4924
-2325
3737
4051
5305
-5537
4797
7504
-4682
-7427
8029
7602
7134
-450
-215
-5769
-7320
5110
1123
1252
3247
-7138
1843
-8201
-6916
4605
8774
2811
9108
-43
-9985
-6564
2320
8817
5913
6381
7671
2668
-7000
8201
-3362
7326
-7824
-7189
5825
-5113
6936
7979
-7458
8810
-6213
3910
-8787
9170
-1964
4157
-8923
-4576
747
-5893
-3733
-7576
2978
2597
6492
8913
557
-5963
1176
-2715
8379
-7144
2480
-3967
-6436
7488
-7455
-9959
-5221
793
1021
7279
5600
-9279
-1698
-8541
-379
-2377
-2960
-4436
4211
2394
-8435
-5733
4902
9850
5090
7968
-2405
8464
1375
2334
-5655
6167
-2548
-1372
8047
-9465
-2611
-6494
6691
-6675
-8316
2877
-9600
7116
761
-5653
2806
8780
-9623
121
9789
-484
870
1596
-7872
-4041
9597
9852
-783
3339
9058
-5368
-8317
-9946
4764
4649
396
8690
-8015
-1500
-5822
4928
7257
-2352
-1622
-1964
-1796
7083
-613
6801
-9026
-3895
4319
8961
-910
9847
-7988
375
-8269
-1769
8713
-7386
-9792
-2735
7366
-8137
-6384
-8804
-7838
-896
2038
-304
9449
4798
4504
4809
233
806
4046
2458
-5700
-7896
-8789
6796
-2155
9690
-5775
9991
-8839
-8932
-3096
4806
-1472
-2205
44
1938
9026
-8087
7453
1497
6071
-4014
-5474
-4868
7394
1496
1722
1311
5208
-1918
-3248
-9107
9303
1941
-7618
9408
295
7415
7385
7920
8766
-9551
4294
-30
-529
3878
2334
6514
-8406
-2193
-1765
7711
-2021
299
-3335
4845
3662
4859
-7318
41
-6346
-6783
-7267
2177
-7020
2227
2962
-1380
-750
850
4615
3499
1036
5141
-9617
-5497
-5277
6018
-3329
3535
-8435
4504
-1357
-4791
5203
-2604
2127
7353
-6548
-6000
-8878
6030
-6461
-1809
-6484
8287
-2558
-7543
4101
-6976
651
-407
2361
-1858
2346
-6888
-223
4758
-5510
2213
6069
4272
-8762
-5959
-2115
7618
-2301
-9837
9888
7890
6702
-4673
-7441
112
9823
-5346
1551
-6807
-8993
7887
9101
-944
6176
388
9843
-1805
8822
8672
-4473
8093
7095
-9804
-7999
-9646
5614
7645
-5256
8910
-9944
-746
-432
3292
4619
-8637
9101
-2999
-1718
-9514
4610
4580
3046
-4518
3000
-7393
-982
-9502
-1692
-558
9747
-2740
-6899
8082
6579
-783
-7710
-1
8206
-3351
199
-6783
-3414
-1500
-4629
8593
-1547
8856
-1849
-9111
7216
1840
-1177
4413
7296
-8837
1715
1903
7766
-4804
9402
7761
7581
-1096
-9709
-1039
7820
4780
-6816
9160
-3702
8948
1715
-7626
8291
-3277
-3962
-1236
-841
-5306
9032
-4644
-6431
5608
-2788
-4401
7901
-8338
7537
-2588
361
-3018
3762
3098
4543
9219
-1882
-3052
1716
-3811
-8505
-476
-8065
3599
-9335
7024
-4393
-7253
-2435
-6628
-3152
-5353
6773
-9572
2146
8046
916
-9344
6088
6652
-7885
8540
-2500
-124
-9097
-8283
3220
3074
-798
-9841
-1219
-2746
-444
-6095
2218
6772
-9360
-657
-7516
-5650
2458
-1612
-1992
2515
-4521
2224
329
-7557
3533
4304
1041
-9901
1621
6003
-195
-746
-5278
1423
8189
9428
-7936
6962
1343
-4670
6700
8166
-5633
4302
668
8899
-2762
-4050
8948
6584
-4519
-3183
-9878
-2757
9491
-1464
-7835
5156
-1535
-5719
-3443
-3238
-2195
3950
-6166
9054
5654
-2987
7110
949
-1616
-6791
306
-5896
-8931
5837
-3475
9401
3772
-2008
-8188
4176
-3096
7427
-9526
-7924
-5094
3396
5565
9012
-9862
-5796
7436
7083
-1365
-6883
-3158
-7820
9365
5864
7097
8524
2286
-9505
8061
3792
3551
-2585
5916
6740
-7923
-7431
-4376
-5676
1674
4215
5496
2962
282
8963
8852
9399
321
1146
5271
-3127
8777
-2660
3898
-4583
8785
901
1250
-6704
492
-325
-3503
4988
8438
-1933
4686
658
-5508
-1498
-7314
-4322
9303
2992
-6858
1269
-8200
4375
423
9387
-8591
-8154
7385
5867
-2692
-1805
-5495
244
1736
2585
-6749
-3895
6404
439
-4653
8397
7184
-857
6569
7506
3948
8917
7585
1269
5505
9726
-1140
7452
-2503
4177
1465
-2913
9683
-491
2884
-4519
7200
7075
-9455
-6646
6851
-826
1598
6936
-3206
-6061
6245
7073
4528
-1229
1577
6587
-3404
-16
5956
-5963
-3663
2027
-3965
951
-9261
5013
9868
3002
-2491
-8791
172
6517
-9616
-2391
-5077
1202
-4250
9252
7064
4271
-6888
7920
-4732
-3629
-6728
2047
901
2572
3827
9416
9134
3470
-2010
5173
2044
-9491
-2538
-2221
78
-5970
-2023
2361
6404
-378
-7274
5706
-736
-6373
-7932
-3936
7341
-5669
-7427
-934
8931
364
-1767
-529
7798
9860
5562
2629
-1369
5921
-4043
-4971
7329
-973
-62
-222
-5075
4961
8240
9719
-7213
-6239
-7251
9726
-8854
-7853
8431
-6518
1131
9786
-1576
-8663
7326
7565
-4813
7406
8040
1321
8278
-2669
-6196
2027
6517
9826
4555
4064
789
-4506
5746
-825
4775
-2308
5717
-9701
-9465
9500
-7322
4979
-7586
-5179
9428
9749
-9202
-7780
5210
-4449
-397
8755
-6019
-3645
-807
689
-629
-7116
7009
-3110
-8329
-8212
7283
-9721
7717
9452
5153
7105
-2910
1432
-1266
-1933
-3615
-4128
-2260
-4943
-3124
-1930
-2549
7500
4008
3436
-5961
6749
7292
-9275
3035
2905
-6190
-7689
8756
9201
-9715
4196
-5513
-2491
-8396
5837
-8277
-7237
-759
-7575
9179
6839
-6816
-8624
6174
-8599
-5596
4706
3292
-5436
-3992
-4877
-4080
6974
5287
2724
-5014
-1814
4450
9276
1913
935
5344
2677
2708
620
-9786
-7645
9383
951
-5961
5666
5776
9310
-863
-9846
9634
-9740
-3456
-8047
-2817
1633
9371
8738
-1211
6627
-9742
-9963
-7060
-7368
6936
3617
4916
6336
10000
9448
-1030
1343
-5896
-3269
-9626
2179
8980
-8627
1046
-9242
7380
908
1615
8195
4400
9838
5976
-7950
9974
-2860
4462
7622
8269
-2625
240
-6372
7372
647
7807
7889
6129
-2391
232
-8364
-8249
1464
-1977
-3565
-2949
-7376
-9266
-6530
-6054
-9901
8821
-4040
-9135
-7890
5203
1923
5419
6344
8479
-4346
8780
6550
5870
3833
-7091
-5538
-4348
-326
-8429
3252
-6565
8848
7451
-1382
-3739
4265
5141
3859
9974
6296
-2860
-1893
-6357
4193
-4839
-7884
8721
-5039
-2325
-6988
-9374
-934
4784
6534
4319
-6646
-9493
-3455
-8934
-5930
846
-2511
-2843
-3067
9568
-9034
-4644
1032
-6115
1124
-8489
5641
6892
-3
1948
8405
2415
9783
6982
-820
3224
8584
5854
-8594
1615
5887
9290
6054
-52
-3200
-6628
4784
6132
-2531
2457
-6186
-9351
2048
-8049
-1596
-2023
-798
-1782
-2382
5346
8675
1885
-1224
5956
-9502
-7792
3154
-8517
-667
-6198
8029
5684
-2155
1935
9546
-4348
8092
8937
7116
4176
-7075
145
-9017
3789
5689
-1805
-9531
-3620
5057
-9430
6029
7608
-4126
-8261
-961
-6710
-6267
-2132
3108
-5928
5797
632
7737
1302
158
391
9065
-450
-5459
4521
1879
5056
-3927
-5361
-9309
4021
-1927
5687
-8858
5667
-570
9369
6621
-8750
6316
-2867
-5963
8160
-8283
7080
-3631
-7000
-4242
-2465
1790
7229
75
-5513
-667
9257
-2778
-8627
-7892
-4583
4857
-9368
9609
-8881
8041
78
-1745
3045
6697
-9539
-1530
-6592
-8169
1305
7829
9160
-5646
5614
-1470
-8349
2596
8104
9491
6229
1965
5886
9544
6817
-4692
-8851
-1609
7654
880
-9986
-5487
5528
3872
-2193
-4832
-8169
-2539
9881
-5700
-7523
-9008
-8231
8971
-5985
-4396
7152
6422
5921
-5306
8786
148
148
-1975
640
-7045
2137
-6259
-9096
-5676
5315
7636
5034
-2321
682
-8789
4239
4385
-4410
6076
-7192
-9152
-80
-6438
9315
5523
7174
6305
-4630
-2168
-8080
-2145
-4935
8278
-9975
-861
-7716
1400
-826
-1016
-3404
-3335
3840
-884
-6893
-2536
-8789
7326
-2018
6263
-1026
6166
654
-8157
6057
6459
-8411
1338
-8881
-9708
-2622
-4218
-8435
-2828
-453
799
-6845
-7422
-9505
-4353
1261
-664
-2165
-7420
6822
1622
822
-1857
-3550
-3304
-3982
-3229
6676
-5988
-1004
-5893
1162
7674
9436
142
9463
-293
-2033
6402
-4043
-6201
-671
8937
1872
-6598
6885
4666
-365
3918
7499
6235
6936
1694
4226
-6848
9877
1573
-9323
8289
7196
5167
1785
9652
-7906
8010
-5818
-1372
-7693
3036
1879
-6807
-926
-5377
6328
9987
8068
2472
2736
6734
8277
-3340
-7444
-5655
4599
3148
-3996
6431
-8881
-1160
8366
-9588
8013
1744
-5445
9855
-9306
-3392
6996
9591
-6867
-9888
-1949
-9410
2965
-4885
7789
9633
5430
5898
2781
-1736
2041
9888
-7143
9879
3079
5293
-9066
-4419
8976
5062
2667
6814
5680
5430
9523
4415
-2206
-2388
6338
-7682
6286
7424
1968
2750
-3005
-3616
7093
9024
-6383
9914
2372
-3984
-4452
-9323
-2115
8056
-8539
6401
-2661
8804
-6011
-1686
5907
389
799
169
-3516
4577
9261
-9290
-9439
3532
-8293
6856
5393
5245
9689
-1567
-4602
7897
5564
6776
2089
7296
9120
875
7618
9700
-1805
5515
1637
6017
-8266
-1409
3948
-5847
6029
-3230
-2465
7908
4036
-6046
1143
-1342
-3672
-7812
-3203
-8082
-9550
3833
7152
-6498
-3734
-5421
-165
6062
1926
3730
-9901
-9683
-9896
9058
3928
7840
-6999
682
-7263
-6212
-1957
1526
-2524
-6469
3931
7419
-6314
-5796
4261
-2671
8514
2380
4512
-5768
1153
337
-3157
2328
8032
-9687
6030
4535
830
7506
8699
-6915
-4440
5684
-9237
81
-5316
-656
-3436
-2922
8017
146
2697
-6597
4264
5682
-2153
-8363
-8550
-8243
4779
-9902
-6634
5744
6530
-7251
8509
-6356
6635
9947
598
9147
-5777
-7914
9205
-907
4427
3439
-8970
-1554
4022
-7419
9726
-9870
6388
6771
437
3546
1386
6734
9307
8035
-5141
-2498
2243
1065
2108
2693
-8841
-6399
585
9666
3308
-9963
-3071
-2172
1429
1110
-4691
4799
7781
1204
-6914
4959
6090
-1688
6323
5399
-6339
-8746
-6216
-6807
-8890
6521
94
3221
4963
-6597
-4718
-9537
3395
8868
1561
-6008
-1288
-8682
240
-4937
7923
-6309
6758
-9836
-9442
3378
806
-2075
9539
-4406
4978
3809
3392
5608
-7788
3822
-7019
-8997
-2783
8310
-3351
-4732
-23
-3504
6676
-8733
1588
-7913
-7865
-7686
-6970
-2851
-3662
-9881
-4356
-4941
-9638
8852
8906
-2341
-3504
4615
1621
-6944
1059
-6356
-365
-8510
4305
-3421
-3389
-2487
-8807
6214
-2993
-2956
4640
-5513
6700
8441
-6875
1283
-2115
-6914
-3962
5604
5900
5147
-4014
7731
1311
4596
-448
-7914
-4783
-6316
6090
7546
4235
-6529
-6895
8601
3720
2937
1009
-4705
-8358
8507
-8614
-6663
-9837
-793
-4607
-4754
-1015
-3529
-6879
6545
7923
-6430
-8200
9312
-2528
-1950
8234
-9400
-1872
-7068
-1932
-614
-3342
-5195
3467
9260
1542
1459
-4434
1049
6824
5032
9076
7991
1286
8847
-8435
464
8362
-6349
-200
747
-4729
-5714
-2328
8550
1046
7116
-9941
3454
-8796
-9231
-8333
4261
855
441
-2431
-3856
-4768
5149
-1386
6543
1087
-6989
-8319
9509
-3353
8277
7501
-4040
2596
1205
-7420
-7761
7745
1944
9891
-349
-1660
-2145
1243
-7985
-8149
5794
-7942
462
9786
-7985
-5959
4082
4706
3271
-23
3221
550
-75
-7830
6583
-994
1261
-2851
2327
7070
9084
2308
822
-7095
4779
-1582
5944
3940
6107
-2521
8946
5749
-9173
-4135
-1272
9852
-4691
-8212
1736
-6230
-5226
5641
9315
-9096
501
-6465
-1417
-477
-3330
7237
4103
-9456
8585
-712
6942
-798
-7427
-6601
9700
-3829
520
6944
194
-7087
151
-6095
4022
-6602
-7487
8910
-6971
-6788
